1 1
2 2
3 3
4 5
5 7
6 11
7 15
8 22
9 30
10 42
11 56
12 77
13 101
14 135
15 176
16 231
17 297
18 385
19 490
20 627
21 792
22 1002
23 1255
24 1575
25 1958
26 2436
27 3010
28 3718
29 4565
30 5604
31 6842
32 8349
33 10143
34 12310
35 14883
36 17977
37 21637
38 26015
39 31185
40 37338
41 44583
42 53174
43 63261
44 75175
45 89134
46 105558
47 124754
48 147273
49 173525
50 204226
51 239943
52 281589
53 329931
54 386155
55 451276
56 526823
57 614154
58 715220
59 831820
60 966467
61 1121505
62 1300156
63 1505499
64 1741630
65 2012558
66 2323520
67 2679689
68 3087735
69 3554345
70 4087968
71 4697205
72 5392783
73 6185689
74 7089500
75 8118264
76 9289091
77 10619863
78 12132164
79 13848650
80 15796476
81 18004327
82 20506255
83 23338469
84 26543660
85 30167357
86 34262962
87 38887673
88 44108109
89 49995925
90 56634173
91 64112359
92 72533807
93 82010177
94 92669720
95 104651419
96 118114304
97 133230930
98 150198136
99 169229875
100 190569292
101 214481126
102 241265379
103 271248950
104 304801365
105 342325709
106 384276336
107 431149389
108 483502844
109 541946240
110 607163746
111 679903203
112 761002156
113 851376628
114 952050665
115 1064144451
116 1188908248
117 1327710076
118 1482074143
119 1653668665
120 1844349560
121 2056148051
122 2291320912
123 2552338241
124 2841940500
125 3163127352
126 3519222692
127 3913864295
128 4351078600
129 4835271870
130 5371315400
131 5964539504
132 6620830889
133 7346629512
134 8149040695
135 9035836076
136 10015581680
137 11097645016
138 12292341831
139 13610949895
140 15065878135
141 16670689208
142 18440293320
143 20390982757
144 22540654445
145 24908858009
146 27517052599
147 30388671978
148 33549419497
149 37027355200
150 40853235313
151 45060624582
152 49686288421
153 54770336324
154 60356673280
155 66493182097
156 73232243759
157 80630964769
158 88751778802
159 97662728555
160 107438159466
161 118159068427
162 129913904637
163 142798995930
164 156919475295
165 172389800255
166 189334822579
167 207890420102
168 228204732751
169 250438925115
170 274768617130
171 301384802048
172 330495499613
173 362326859895
174 397125074750
175 435157697830
176 476715857290
177 522115831195
178 571701605655
179 625846753120
180 684957390936
181 749474411781
182 819876908323
183 896684817527
184 980462880430
185 1071823774337
186 1171432692373
187 1280011042268
188 1398341745571
189 1527273599625
190 1667727404093
191 1820701100652
192 1987276856363
193 2168627105469
194 2366022741845
195 2580840212973
196 2814570987591
197 3068829878530
198 3345365983698
199 3646072432125
200 3972999029388
201 4328363658647
202 4714566886083
203 5134205287973
204 5590088317495
205 6085253859260
206 6622987708040
207 7206841706490
208 7840656226137
209 8528581302375
210 9275102575355
211 10085065885767
212 10963707205259
213 11916681236278
214 12950095925895
215 14070545699287
216 15285151248481
217 16601598107914
218 18028182516671
219 19573856161145
220 21248279009367
221 23061871173849
222 25025873760111
223 27152408925615
224 29454549941750
225 31946390696157
226 34643126322519
227 37561133582570
228 40718063627362
229 44132934884255
230 47826239745920
231 51820051838712
232 56138148670947
233 60806135438329
234 65851585970275
235 71304185514919
236 77195892663512
237 83561103925871
238 90436839668817
239 97862933703585
240 105882246722733
241 114540884553038
242 123888443077259
243 133978259344888
244 144867692496445
245 156618412527946
246 169296722391554
247 182973889854026
248 197726516681672
249 213636919820625
250 230793554364681
251 249291451168559
252 269232701252579
253 290726957916112
254 313891991306665
255 338854264248680
256 365749566870782
257 394723676655357
258 425933084409356
259 459545750448675
260 495741934760846
261 534715062908609
262 576672674947168
263 621837416509615
264 670448123060170
265 722760953690372
266 779050629562167
267 839611730366814
268 904760108316360
269 974834369944625
270 1050197489931117
271 1131238503938606
272 1218374349844333
273 1312051800816215
274 1412749565173450
275 1520980492851175
276 1637293969337171
277 1762278433057269
278 1896564103591584
279 2040825852575075
280 2195786311682516
281 2362219145337711
282 2540952590045698
283 2732873183547535
284 2938929793929555
285 3160137867148997
286 3397584011986773
287 3652430836071053
288 3925922161489422
289 4219388528587095
290 4534253126900886
291 4872038056472084
292 5234371069753672
293 5622992691950605
294 6039763882095515
295 6486674127079088
296 6965850144195831
297 7479565078510584
298 8030248384943040
299 8620496275465025
300 9253082936723602
301 9930972392403501
302 10657331232548839
303 11435542077822104
304 12269218019229465
305 13162217895057704
306 14118662665280005
307 15142952738857194
308 16239786535829663
309 17414180133147295
310 18671488299600364
311 20017426762576945
312 21458096037352891
313 23000006655487337
314 24650106150830490
315 26415807633566326
316 28305020340996003
317 30326181989842964
318 32488293351466654
319 34800954869440830
320 37274405776748077
321 39919565526999991
322 42748078035954696
323 45772358543578028
324 49005643635237875
325 52462044228828641
326 56156602112874289
327 60105349839666544
328 64325374609114550
329 68834885946073850
330 73653287861850339
331 78801255302666615
332 84300815636225119
333 90175434980549623
334 96450110192202760
335 103151466321735325
336 110307860425292772
337 117949491546113972
338 126108517833796355
339 134819180623301520
340 144117936527873832
341 154043597379576030
342 164637479165761044
343 175943559810422753
344 188008647052292980
345 200882556287683159
346 214618299743286299
347 229272286871217150
348 244904537455382406
349 261578907351144125
350 279363328483702152
351 298330063062758076
352 318555973788329084
353 340122810048577428
354 363117512048110005
355 387632532919029223
356 413766180933342362
357 441622981929358437
358 471314064268398780
359 502957566506000020
360 536679070310691121
361 572612058898037559
362 610898403751884101
363 651688879997206959
364 695143713458946040
365 741433159884081684
366 790738119649411319
367 843250788562528427
368 899175348396088349
369 958728697912338045
370 1022141228367345362
371 1089657644424399782
372 1161537834849962850
373 1238057794119125085
374 1319510599727473500
375 1406207446561484054
376 1498478743590581081
377 1596675274490756791
378 1701169427975813525
379 1812356499739472950
380 1930656072350465812
381 2056513475336633805
382 2190401332423765131
383 2332821198543892336
384 2484305294265418180
385 2645418340688763701
386 2816759503217942792
387 2998964447736452194
388 3192707518433532826
389 3398704041358160275
390 3617712763867604423
391 3850538434667429186
392 4098034535626594791
393 4361106170762284114
394 4640713124699623515
395 4937873096788191655
396 5253665124416975163
397 5589233202595404488
398 5945790114707874597
399 6324621482504294325
400 6727090051741041926
401 7154640222653942321
402 7608802843339879269
403 8091200276484465581
404 8603551759348655060
405 9147679068859117602
406 9725512513742021729
407 10339097267123947241
408 10990600063775926994
409 11682316277192317780
410 12416677403151190382
411 13196258966925435702
412 14023788883518847344
413 14902156290309948968
414 15834420884488187770
415 16823822787139235544
416 17873792969689876004
417 18987964267331664557
418 20170183018805933659
419 21424521360255636320
420 22755290216580025259
421 24167053021441363961
422 25664640213837714846
423 27253164546230421739
424 28938037257084798150
425 30724985147095051099
426 32620068617410232189
427 34629700713903575934
428 36760667241831527309
429 39020148000237259665
430 41415739207102358378
431 43955477170518116534
432 46647863284229267991
433 49501890409405150715
434 52527070729108240605
435 55733465144636286656
436 59131714309169618645
437 62733071376043079215
438 66549436566966297367
439 70593393646562135510
440 74878248419470886233
441 79418069346443402240
442 84227730407729499781
443 89322956321353645667
444 94720370257893471820
445 100437544171752847604
446 106493051905239118581
447 112906525199196103354
448 119698712782720205954
449 126891542690981418000
450 134508188001572923840
451 142573136155347404229
452 151112262071917313678
453 160152905244553715585
454 169723951046458040965
455 179855916453958267598
456 190581040442651931034
457 201933379285114688629
458 213948907032733069132
459 226665621435831345565
460 240123655613925192081
461 254365395758574199975
462 269435605212954994471
463 285381555241961986287
464 302253162872576636605
465 320103136152993290544
466 338987127249525432549
467 358963893768162876613
468 380095468763120598477
469 402447339861711475160
470 426088638015652413417
471 451092336355096099864
472 477535459708164115593
473 505499305314204629558
474 535069675351607262125
475 566337121865805599675
476 599397204782301852926
477 634350763653787028583
478 671304203896731807232
479 710369798236628238005
480 751666004194993125591
481 795317798414758232180
482 841457028742823649455
483 890222784951928088294
484 941761789114997698055
485 996228806608573411012
486 1053787078862455346513
487 1114608778936426484248
488 1178875491155735802646
489 1246778716001272919665
490 1318520401612270233223
491 1394313503224447816939
492 1474382572040363953132
493 1558964374994977806173
494 1648308547066172438760
495 1742678277747760981187
496 1842351033503159891466
497 1947619317987658064007
498 2058791472042884901563
499 2176192515439287461625
500 2300165032574323995027
